1 0.76875 0.3015625 0.0890625 0.2125
5 0.6578125 0.1671875 0.06953125 0.1421875
2 0.64609375 0.7640625 0.08359375 0.16015625
3 0.7 0.5453125 0.05859375 0.109375
3 0.51953125 0.3515625 0.05390625 0.1171875
0 0.53515625 0.54375 0.0640625 0.1546875
0 0.35 0.1484375 0.0625 0.15625
7 0.17578125 0.3953125 0.08984375 0.225
9 0.3390625 0.5453125 0.06171875 0.1171875
10 0.44375 0.14921875 0.071875 0.18125
8 0.196875 0.1453125 0.0796875 0.1578125
6 0.50546875 0.071875 0.05625 0.140625
6 0.15078125 0.63984375 0.08203125 0.1578125