4 0.79296875 0.40546875 0.07421875 0.1734375
1 0.7703125 0.3046875 0.07421875 0.1796875
2 0.76640625 0.24609375 0.06640625 0.12109375
2 0.815625 0.5421875 0.07578125 0.11875
0 0.74453125 0.15546875 0.05078125 0.134375
0 0.8234375 0.65546875 0.065625 0.13125
5 0.725 0.08125 0.05390625 0.1234375
5 0.85 0.7875 0.07578125 0.12890625
3 0.74453125 0.78828125 0.05859375 0.1109375
3 0.72265625 0.6453125 0.0625 0.1109375
3 0.69765625 0.54296875 0.0546875 0.1015625
3 0.6953125 0.43046875 0.05234375 0.1
3 0.6859375 0.3453125 0.0484375 0.09765625
3 0.678125 0.26640625 0.046875 0.1
3 0.66015625 0.1765625 0.0421875 0.0953125
3 0.6546875 0.09296875 0.0421875 0.1
10 0.17734375 0.32421875 0.0640625 0.171875
7 0.16171875 0.40625 0.071875 0.1953125
8 0.171875 0.24296875 0.0640625 0.115625
8 0.16015625 0.5453125 0.06640625 0.1328125
6 0.1859375 0.14921875 0.0546875 0.134375
6 0.14296875 0.66328125 0.06640625 0.1390625
11 0.196875 0.08671875 0.05390625 0.11875
11 0.13203125 0.80625 0.0703125 0.13671875
9 0.26640625 0.08984375 0.04453125 0.09765625
9 0.27109375 0.1703125 0.04609375 0.1015625
9 0.259375 0.25625 0.04609375 0.1015625
9 0.26171875 0.33671875 0.05 0.0953125
9 0.26015625 0.4375 0.05234375 0.10546875
9 0.25234375 0.5484375 0.05234375 0.10546875
9 0.24453125 0.66875 0.0546875 0.1109375
9 0.23828125 0.8046875 0.0640625 0.109375