5 0.590625 0.06875 0.05 0.11328125
5 0.83984375 0.7328125 0.07421875 0.14453125
1 0.79140625 0.3671875 0.07421875 0.19921875
4 0.6 0.29609375 0.065625 0.18125
3 0.69921875 0.403125 0.05234375 0.1109375
3 0.67734375 0.22734375 0.046875 0.103125
3 0.6640625 0.14375 0.04453125 0.0953125
3 0.5203125 0.06640625 0.046875 0.10546875
3 0.62578125 0.50625 0.04609375 0.109375
3 0.51796875 0.30390625 0.0484375 0.103125
2 0.5890625 0.1328125 0.04296875 0.12890625
2 0.44453125 0.39453125 0.06796875 0.140625
6 0.4421875 0.60234375 0.06640625 0.1421875
7 0.17421875 0.3640625 0.078125 0.2015625
10 0.36640625 0.29609375 0.0640625 0.1703125
8 0.3671875 0.19609375 0.0546875 0.134375
8 0.165625 0.6015625 0.08203125 0.15234375
11 0.25390625 0.7421875 0.071875 0.13671875
11 0.2078125 0.05546875 0.0578125 0.1109375
9 0.26484375 0.6140625 0.05078125 0.1109375
9 0.2859375 0.06171875 0.05078125 0.1
9 0.28984375 0.21875 0.05859375 0.10546875
9 0.43828125 0.2984375 0.05 0.109375
9 0.446875 0.7390625 0.0625 0.1234375