4 0.60234375 0.290625 0.07734375 0.1796875
2 0.4453125 0.39765625 0.071875 0.1421875
6 0.44140625 0.6 0.06953125 0.15234375
10 0.3625 0.290625 0.06640625 0.17578125
8 0.16640625 0.59453125 0.07421875 0.1625
7 0.26796875 0.36796875 0.078125 0.196875
11 0.20625 0.05625 0.0625 0.1125
11 0.2546875 0.7421875 0.08359375 0.140625
9 0.26171875 0.6125 0.0625 0.1078125
9 0.2875 0.2171875 0.0578125 0.10546875
9 0.28515625 0.0578125 0.0578125 0.103125
9 0.4390625 0.303125 0.046875 0.1015625
9 0.45 0.73515625 0.0640625 0.11875
3 0.51953125 0.065625 0.05390625 0.103125
3 0.6796875 0.2328125 0.0546875 0.109375
3 0.6625 0.14375 0.05234375 0.103125
3 0.51796875 0.30078125 0.05625 0.10546875
3 0.62265625 0.5046875 0.05859375 0.11875
3 0.6984375 0.40546875 0.05390625 0.115625
1 0.790625 0.3671875 0.08125 0.20703125
5 0.8390625 0.734375 0.08359375 0.14453125