10 0.3453125 0.146875 0.06796875 0.1796875
7 0.165625 0.30546875 0.078125 0.2046875
8 0.45234375 0.6484375 0.065625 0.1640625
5 0.2703125 0.07109375 0.06171875 0.1234375
11 0.42578125 0.16015625 0.0578125 0.1328125
6 0.44140625 0.4328125 0.05859375 0.1546875
9 0.275 0.16875 0.0484375 0.1109375
9 0.2609375 0.33984375 0.05625 0.11328125
9 0.35078125 0.3296875 0.05390625 0.1171875
9 0.35703125 0.5625 0.0578125 0.12109375
2 0.2421875 0.64765625 0.071875 0.1625
0 0.50859375 0.234375 0.0546875 0.1484375
1 0.77265625 0.3015625 0.0859375 0.209375
3 0.6859375 0.34453125 0.05390625 0.1078125
3 0.609375 0.5359375 0.05234375 0.1234375
3 0.54140625 0.66484375 0.06015625 0.11875